CACHE type 5 produced by analog 6.0/Unix. Do not modify or delete!
T	0	0	596	289	21	123	12260388
D	27219641	27241190
18902	152	8	0	512
18902	165	8	0	512
18902	171	6	2	1594
18902	172	4	4	2492
18902	176	8	0	512
18902	200	8	0	512
18902	236	8	0	512
18902	272	8	0	512
18903	2	1	1	623
18903	199	5	5	3115
18903	238	1	1	623
18904	193	1	1	623
18905	60	1	1	623
18906	0	1	1	623
18909	184	1	1	159
18909	194	1	1	159
18910	113	3	2	159
18910	114	7	0	104
18910	115	8	5	165119
18910	116	3	2	1600
18910	117	5	4	3256
18910	118	3	3	2545
18910	124	2	0	842
18910	126	1	1	159
18910	127	3	2	91652
18910	128	1	1	29080
18910	129	2	1	29080
18910	130	4	4	116256
18910	131	3	2	58120
18910	132	5	5	117075
18910	133	4	3	251078
18910	134	1	1	835
18910	135	3	2	1695
18910	137	4	4	3371
18910	138	1	1	868
18910	142	2	1	831
18910	143	4	4	3324
18910	144	8	7	169710
18910	145	2	2	1632
18910	146	7	5	331900
18910	147	3	3	2656
18910	148	1	1	854
18910	149	2	2	1897
18910	150	4	3	3542
18910	151	6	6	7054
18910	152	5	5	6141
18910	153	3	3	3741
18910	155	2	1	1306
18910	157	3	3	3951
18910	158	6	6	7893
18910	159	1	1	1286
18910	160	2	2	2553
18910	161	3	2	2513
18910	162	3	3	3798
18910	163	1	1	1485
18910	164	2	2	3047
18910	165	1	1	1655
18910	166	2	1	1547
18910	167	4	4	6443
18910	171	1	1	1634
18910	173	2	1	165525
18910	177	2	0	220
18910	178	6	0	499
18910	179	4	0	2536
18910	182	2	0	17210
18910	183	1	0	8306
18910	185	2	0	21506
18910	187	3	0	57404
18910	188	1	0	19120
18910	189	2	0	36496
18910	190	4	0	58860
18910	191	3	0	67556
18910	192	2	0	46292
18910	193	1	0	36280
18910	194	3	1	109777
18910	195	3	3	37988
18910	196	3	2	37780
18910	197	1	1	37566
18910	202	1	1	37566
18911	90	2	1	37566
18911	98	4	4	149644
18911	99	4	4	149611
18911	100	1	1	37615
18911	101	2	2	76040
18911	102	2	2	76854
18911	103	4	4	158900
18911	104	2	2	81844
18911	106	2	1	96005
18911	107	3	3	150816
18911	108	3	3	153940
18911	113	1	1	51768
18911	114	1	0	0
18911	116	4	0	36664
18911	117	3	1	55569
18911	120	3	0	963
18911	121	1	0	627
18911	122	6	0	4035
18911	123	2	0	1672
18911	124	1	0	935
18911	125	3	0	4077
18911	126	6	1	58814
18911	127	4	0	5609
18911	128	4	0	5837
18911	129	5	0	7395
18911	130	2	0	4884
18911	131	2	1	54468
18911	134	5	0	10415
18911	135	3	0	6866
18911	136	1	0	2369
18911	137	1	0	2504
18911	138	1	0	2504
18911	139	2	0	5018
18911	140	6	1	64575
18911	142	1	0	2486
18911	143	5	2	114131
18911	144	8	0	21525
18911	145	1	0	2758
18911	146	1	0	2666
18911	147	7	2	122894
18911	148	1	0	2797
18911	149	8	4	175694
18911	151	3	1	57548
18911	152	1	0	2859
18911	157	2	0	6007
18911	158	1	1	54838
18911	264	3	2	218943
18911	265	2	1	57848
18912	97	1	1	214
18912	98	3	1	57878
18912	101	3	3	167345
18912	102	4	4	223186
18912	103	2	2	111746
18912	104	9	9	503470
18912	105	4	4	223587
18912	106	5	2	120891
18912	107	1	0	3017
18912	108	2	0	6202
18912	109	3	0	10159
18912	110	2	0	6863
18912	111	3	0	13787
18912	112	5	0	23087
18912	113	3	2	118246
18912	114	9	6	360083
18912	115	4	3	177787
18912	267	7	3	378154
18912	268	7	3	207673
18913	69	2	0	0
18913	72	1	1	63027
18913	112	3	2	142934
18913	113	1	1	64851
18913	126	4	1	156237
18913	127	1	1	64846
18913	128	1	1	64855
18913	129	3	3	194627
18913	130	4	1	79141
18913	131	3	1	74306
18913	144	1	0	0
18913	148	2	2	129044
18913	153	2	2	64736
18913	154	1	0	13262
18913	156	4	2	147211
18913	196	1	1	214
18913	219	5	3	371283
18913	220	1	0	4876
18913	224	2	1	77784
18913	231	1	1	64522
18913	232	2	1	69406
18914	18	1	1	214
18914	84	1	1	214
18914	90	5	2	375986
18914	114	1	0	0
18914	185	4	2	228652
18914	186	2	1	69414
18915	242	5	2	375986
18916	66	1	1	214
18916	119	18	8	926206
18916	120	8	6	341101
18916	121	1	0	13262
18916	123	2	2	129074
18916	184	7	3	306919
18916	186	5	3	142789
18916	188	2	1	193
18916	190	9	0	2343
18917	117	4	2	129074
18917	142	1	1	1333
1	1	0	0	0	27220240	0	0	27220240	0	0	64	/.well-known/acme-challenge/ZKUV82YN2DUPTU_U0AP2_LZO3YFF82EP
1	1	0	0	0	27219708	0	0	27219708	0	0	64	/.well-known/acme-challenge/9--O-MF90AJY93GM5EANV1WBRFY-CLBV
1	4	0	0	0	27232496	0	0	27232489	0	0	8895	/chelsea/match-details.php?matchid=327330
1	0	0	0	1	0	0	27231031	0	0	27231031	0	/phpinfo.php
1	0	0	9	0	0	27239639	0	0	27230969	0	0	/chelsea
1	1	0	0	0	27220060	0	0	27220060	0	0	64	/.well-known/acme-challenge/9-Y3OEI1LEJPOKZL_99_952-8U6RUFG6
1	1	0	0	0	27219641	0	0	27219641	0	0	64	/.well-known/acme-challenge/AEJ2MTUJA00MWNUIDXZAF2T3G5XSW20H
1	1	0	0	0	27220060	0	0	27220060	0	0	64	/.well-known/acme-challenge/NUWD2KP5UZ5S4UVJH69TMC0J4_96EQWG
1	0	0	0	1	0	0	27231314	0	0	27231314	0	/chelsea/partial/...
1	1	0	0	0	27219880	0	0	27219880	0	0	64	/.well-known/acme-challenge/0QP1DWWN4ABVKY68SVZPR2N8S4I3TACA
1	40	0	0	0	27241068	0	0	27230976	0	0	2458365	/assets/css/bootstrap.min.css
1	17	0	0	1	27232468	0	27232426	27232426	0	27232426	15890	/chelsea/match-details.php?matchid=327310
1	0	0	0	46	0	0	27241068	0	0	27221512	0	/favicon.ico
1	0	0	0	3	0	0	27235487	0	0	27229930	0	/robots.txt
1	4	0	0	0	27238813	0	0	27232563	0	0	17105	/chelsea/match-details.php?matchid=327290&matchesid=9
1	1	0	0	0	27219708	0	0	27219708	0	0	64	/.well-known/acme-challenge/S_OH_W8D39PPXV10B513757B_6HDJVGW
1	2	0	0	0	27233855	0	0	27232563	0	0	7402	/chelsea/match-details.php?matchid=327300&matchesid=8
1	1	0	0	0	27219641	0	0	27219641	0	0	64	/.well-known/acme-challenge/QRLK3LQIGXXZ1UOBWPDX7F2JSUODPCYL
1	1	0	0	0	27219708	0	0	27219708	0	0	64	/.well-known/acme-challenge/2CKETMGPE0OJ2RVGU8DI4KDP51Y6TLF6
1	1	0	0	0	27220060	0	0	27220060	0	0	64	/.well-known/acme-challenge/EB5MYNZWIHVV5QA8HV82FQNM8LRJLN90
1	1	0	0	0	27220240	0	0	27220240	0	0	64	/.well-known/acme-challenge/YZN47ULIK2VRLBEQS-Y1LX-_VLYV-9CO
1	1	0	0	0	27220240	0	0	27220240	0	0	64	/.well-known/acme-challenge/PK9_7M573LBO4GYE1ZR55W5SC7NWDL9X
1	0	0	5	0	0	27239637	0	0	27235285	0	0	/chelsea?competitions=Premier+League
1	1	0	0	0	27220240	0	0	27220240	0	0	64	/.well-known/acme-challenge/97NUF1Q_BCV-E8BBFA16PB644B2LV57D
1	1	0	0	0	27219880	0	0	27219880	0	0	64	/.well-known/acme-challenge/BN7DECPF59YKR3O51R60WCSM371V5HK_
1	1	0	0	0	27219760	0	0	27219760	0	0	64	/.well-known/acme-challenge/184LA47X7ZD9TNFID77YI4UYTMFRLSYL
1	1	0	0	0	27219641	0	0	27219641	0	0	64	/.well-known/acme-challenge/NG5M-UYFQD9DQ97KLI7B7VY2N37NC1W8
1	1	0	0	0	27220060	0	0	27220060	0	0	64	/.well-known/acme-challenge/Q-1RUG_1AH34GR-7VEOC0HGROIEC97-5
1	0	0	0	2	0	0	27232373	0	0	27232373	0	/chelsea/allmatch.php
1	1	1	0	0	27221319	0	0	27221319	0	0	623	/?103.164.172.49
1	11	0	0	0	27239972	0	0	27235284	0	0	145882	/chelsea/partial/standing.php
1	1	0	0	0	27232470	0	0	27232470	0	0	1360	/chelsea/match-details.php?matchid=327279
1	1	0	0	0	27219880	0	0	27219880	0	0	64	/.well-known/acme-challenge/9RNP7O6DYD_LRU1UOQX7K2HF012W-AWG
1	1	0	0	0	27219880	0	0	27219880	0	0	64	/.well-known/acme-challenge/X9BEL2-299F43YUTR0KWW00HJZS62KKX
1	1	0	0	0	27219708	0	0	27219708	0	0	64	/.well-known/acme-challenge/SSGB8VBFF96IDIITDOI-R9JVXVIVRHSY
1	25	0	0	0	27239638	0	0	27232555	0	0	97566	/chelsea/match-details.php?matchid=327360&matchesid=0
1	11	0	0	0	27241068	0	0	27234617	0	0	625032	/assets/js/bootstrap.bundle.min.js
1	6	6	0	0	27239644	0	0	27235285	0	0	387586	/chelsea/?competitions=Premier+League
1	1	0	0	0	27220060	0	0	27220060	0	0	64	/.well-known/acme-challenge/HV5LKT59V4K4WBX2__BHOIA02VR7WFE4
1	1	0	0	0	27219880	0	0	27219880	0	0	64	/.well-known/acme-challenge/FQ8Z4W6F831_83IDKQE5MW306-91RD04
1	1	0	0	0	27219641	0	0	27219641	0	0	64	/.well-known/acme-challenge/HZJPR1M4-H3GV3_UQ9HD5-LOYYEPER-D
1	1	0	0	0	27239994	0	0	27239994	0	0	257	/HTTP_GET.php?param1=ihwanul
1	7	0	0	0	27235823	0	0	27232577	0	0	21750	/chelsea/match-details.php?matchid=327310&matchesid=6
1	1	0	0	0	27220240	0	0	27220240	0	0	64	/.well-known/acme-challenge/4WPTQECBYN1RLOP-7W8P8E9NWZF_97U1
1	3	3	0	0	27235701	0	0	27233164	0	0	642	/?223.255.228.97
1	1	0	0	0	27219760	0	0	27219760	0	0	64	/.well-known/acme-challenge/RY_9R8L8NRMGSM9NDJJJ22VBOY7FA-MN
1	0	0	0	1	0	0	27224640	0	0	27224640	0	/favicon.ico?167.248.133.58
1	2	0	0	0	27230972	0	0	27230970	0	0	44	/chelsea/partial/header.php
1	2	0	0	0	27239971	0	0	27239961	0	0	116	/syahrul.php?param=2
1	2	0	0	0	27232472	0	0	27232470	0	0	2731	/chelsea/match-details.php?matchid=327259
1	234	234	0	21	27241068	0	27231234	27230969	0	27230977	7268809	/chelsea/
1	1	0	0	0	27219760	0	0	27219760	0	0	64	/.well-known/acme-challenge/BDCLH_92QVG3-2HQ3GM_O7CV9KAAYCXP
1	1	0	0	0	27219641	0	0	27219641	0	0	64	/.well-known/acme-challenge/6Z-2C_Y_NIO148MJSB97YS4MZN5371PB
1	1	0	0	0	27234623	0	0	27234623	0	0	4370	/chelsea/match-details.php?matchid=327279&matchesid=11
1	4	0	0	0	27219737	0	0	27219737	0	0	348	/.well-known/acme-challenge/vlJK42pzGktDiKhrfv9WbQ132Ts-XfzKFJOdYN0r7VQ
1	0	0	0	20	0	0	27232597	0	0	27231167	0	/assets/css/bootstrap.min.css.map
1	34	0	0	1	27232374	0	27231302	27231286	0	27231302	491681	/chelsea/partial/allmatch.php
1	1	0	0	0	27220060	0	0	27220060	0	0	64	/.well-known/acme-challenge/VAK2-ZFNWPK5CGHPX0AKBBAK6Z9CYGKY
1	1	0	0	0	27219880	0	0	27219880	0	0	64	/.well-known/acme-challenge/YMNP06K2_JW037TR5UICZSFTKX2B05JO
1	1	1	0	0	27237089	0	0	27237089	0	0	214	/?140.213.151.203
1	0	0	0	1	0	0	27239960	0	0	27239960	0	/robots.txt?34.96.130.31
1	4	0	0	2	27232421	0	27232426	27232410	0	27232425	27498	/chelsea/match-details.php?name=2021
1	1	0	0	0	27234624	0	0	27234624	0	0	4395	/chelsea/match-details.php?matchid=337508&matchesid=13
1	1	0	0	0	27219760	0	0	27219760	0	0	64	/.well-known/acme-challenge/67YVJYPA01DALSGKQ_X87MBR0FT9YFBX
1	0	0	0	1	0	0	27232373	0	0	27232373	0	/chelsea/allmatch.php?name=2021
1	0	0	0	1	0	0	27232379	0	0	27232379	0	/chelsea/match-detail.php?name=2021
1	9	0	0	0	27239644	0	0	27232587	0	0	40241	/chelsea/match-details.php?matchid=337514&matchesid=4
1	34	34	0	0	27241190	0	0	27219737	0	0	14018	/
1	1	0	0	0	27232562	0	0	27232562	0	0	2778	/chelsea/match-details.php?matchid=327315&matchesid=5
1	1	0	0	0	27232542	0	0	27232542	0	0	2532	/chelsea/match-details.php?matchid=337514
1	1	0	0	0	27219880	0	0	27219880	0	0	64	/.well-known/acme-challenge/C3PSFO9ZIPXE213O5WWUPYN9XT50HJI_
1	1	1	0	0	27239961	0	0	27239961	0	0	38	/?name=css&age=69
1	8	0	0	0	27233850	0	0	27232561	0	0	24241	/chelsea/match-details.php?matchid=327352&matchesid=1
1	2	0	0	0	27232488	0	0	27232470	0	0	2824	/chelsea/match-details.php?matchid=337511
1	0	0	5	0	0	27239658	0	0	27235284	0	0	/chelsea?competitions=UEFA+Champions+League
1	2	0	0	0	27232487	0	0	27232486	0	0	2928	/chelsea/match-details.php?matchid=337510
1	1	0	0	0	27219708	0	0	27219708	0	0	64	/.well-known/acme-challenge/1J761IU6LPUGNUUNESZ3VYIUJYZID3Z0?103.164.172.49
1	1	0	0	0	27219641	0	0	27219641	0	0	64	/.well-known/acme-challenge/9E62-0_9BZ1FSTZSJS_HJE484P-GBWWQ
1	2	0	0	0	27239993	0	0	27239993	0	0	520	/HTTP_GET.php?param1=Parameter-
1	0	0	0	7	0	0	27221323	0	0	27221322	0	/cgi-bin/
1	0	0	2	0	0	27238812	0	0	27231265	0	0	/chelsea?223.255.228.97
1	1	0	0	0	27219708	0	0	27219708	0	0	64	/.well-known/acme-challenge/TJ-YO3T3VQ55UCBJ_A5RQGR_JQMKBD2G
1	7	7	0	0	27241068	0	0	27235284	0	0	451963	/chelsea/?competitions=UEFA+Champions+League
1	1	0	0	0	27232421	0	0	27232421	0	0	9166	/chelsea/match-details.php?name=2001
1	1	0	0	0	27220240	0	0	27220240	0	0	64	/.well-known/acme-challenge/UUHLJQA_LMH0N0UXLA5XR1HLR6549BVJ
1	1	0	0	0	27219760	0	0	27219760	0	0	64	/.well-known/acme-challenge/LWUPR9SNWT9ZE0XH6QEVMV5GEQ17EVD0
1	1	0	0	0	27219760	0	0	27219760	0	0	64	/.well-known/acme-challenge/KDKDV7G8HEJL2_MXBTDHP4MALLY378QR
1	1	0	0	0	27220060	0	0	27220060	0	0	64	/.well-known/acme-challenge/LFL618O5XV_BLGD8Z3U81VGE95BLEXMC
1	1	0	0	0	27220060	0	0	27220060	0	0	64	/.well-known/acme-challenge/ZJO0KMZ_THEHIAW5EROWNBDB1-Q8XMR0
1	6	0	0	1	27239994	0	27239991	27239993	0	27239991	1566	/HTTP_GET.php?param1=Parameter-1
1	1	0	0	0	27232562	0	0	27232562	0	0	2499	/chelsea/match-details.php?matchid=327238&matchesid=17
1	1	0	0	0	27219880	0	0	27219880	0	0	64	/.well-known/acme-challenge/K-V9KV9V2EZQ8NWCEJZ1ZJAGYCPI6PIS
1	21	0	0	2	27232555	0	27232539	27232480	0	27232536	44522	/chelsea/match-details.php?matchid=327360
1	0	0	0	1	0	0	27231031	0	0	27231031	0	/phpinfo
1	0	0	0	5	0	0	27237742	0	0	27235546	0	/wp-login.php
1	1	0	0	0	27219641	0	0	27219641	0	0	64	/.well-known/acme-challenge/42XLU-6IW8NFS1DADIFC8O34U4A7S26S
1	8	0	0	3	27231020	0	27231020	27230969	0	27230973	902	/chelsea/index.php
1	8	0	0	0	27239639	0	0	27232563	0	0	31315	/chelsea/match-details.php?matchid=337511&matchesid=7
1	1	0	0	0	27219760	0	0	27219760	0	0	64	/.well-known/acme-challenge/CVGJH0DYR57DLGDQUSINYR2EQUQXKIH3
1	6	0	0	0	27232542	0	0	27232472	0	0	9496	/chelsea/match-details.php?matchid=327352
1	1	0	0	0	27219760	0	0	27219760	0	0	64	/.well-known/acme-challenge/I2QN_7THF2J10Q-3J_P3Z7RQECNW0XA5
1	1	0	0	0	27219708	0	0	27219708	0	0	64	/.well-known/acme-challenge/_D94UKCEG72LUCA29PT3BHMXXS9H6KHH
1	0	0	0	1	0	0	27231031	0	0	27231031	0	/c
1	1	0	0	0	27219708	0	0	27219708	0	0	64	/.well-known/acme-challenge/DGQ1B1RT12E_QIBWW5ADRUJ96NQUPZ6-
1	2	2	0	0	27229883	0	0	27222729	0	0	782	/?167.248.133.58
1	1	0	0	0	27220240	0	0	27220240	0	0	64	/.well-known/acme-challenge/7CE_S11NLZ0525DUA27_7M6CREDQB6CO
1	1	0	0	0	27220240	0	0	27220240	0	0	64	/.well-known/acme-challenge/2J6R26N_3_07ADZ4SER75ZD5J76FBEI4
1	0	0	0	1	0	0	27233456	0	0	27233456	0	/.git/config
1	2	0	0	0	27239982	0	0	27239960	0	0	114	/syahrul.php
1	1	0	0	0	27219641	0	0	27219641	0	0	64	/.well-known/acme-challenge/ATSTC90_04N00X30FKBG95ZY8-84ZM25
1	2	0	0	0	27232554	0	0	27232542	0	0	4992	/chelsea/match-details.php?matchid=327339
1	6	0	0	0	27234620	0	0	27232561	0	0	21318	/chelsea/match-details.php?matchid=327339&matchesid=2
3	5	1	1	2	27239644	27235285	27239642	27235284	27235285	27239637	92888	http://klp2.ruangbelajar.xyz/chelsea/?competitions=UEFA+Champions+League
3	6	6	0	0	27235464	0	0	27232577	0	0	354944	http://klp2.ruangbelajar.xyz/chelsea/match-details.php?matchid=327360&matchesid=0
3	4	1	1	0	27239637	27239637	0	27235823	27239637	0	79137	http://klp2.ruangbelajar.xyz/chelsea/?competitions=Premier+League
3	5	5	0	0	27239640	0	0	27232633	0	0	308466	http://klp2.ruangbelajar.xyz/chelsea/match-details.php?matchid=337511&matchesid=7
3	25	25	1	1	27239644	27239638	27239638	27232587	27239638	27239638	1413108	http://klp2.ruangbelajar.xyz/chelsea/match-details.php?matchid=337514&matchesid=4
3	18	18	5	11	27239961	27239637	27239637	27221319	27233164	27229883	692900	http://klp2.ruangbelajar.xyz/
3	8	7	0	0	27233852	0	0	27232576	0	0	395851	http://klp2.ruangbelajar.xyz/chelsea/match-details.php?matchid=327352&matchesid=1
3	2	2	0	0	27235840	0	0	27232587	0	0	119202	http://klp2.ruangbelajar.xyz/chelsea/match-details.php?matchid=327310&matchesid=6
3	0	0	0	4	0	0	27239994	0	0	27239991	0	http://klp2.ruangbelajar.xyz/HTTP_GET.php?param1=Parameter-1
3	0	0	0	5	0	0	27221323	0	0	27221322	0	http://klp2.ruangbelajar.xyz/cgi-bin/
3	1	0	0	0	27232440	0	0	27232440	0	0	0	http://klp2.ruangbelajar.xyz/chelsea/match-details.php?matchid=327310
3	1	1	0	1	27237091	0	27238848	27237091	0	27238848	64547	http://klp2.ruangbelajar.xyz/chelsea/match-details.php?matchid=327290&matchesid=9
3	193	13	8	28	27241068	27239658	27241068	27230976	27235284	27231065	4367306	http://klp2.ruangbelajar.xyz/chelsea/
3	1	1	0	0	27233856	0	0	27233856	0	0	57713	http://klp2.ruangbelajar.xyz/chelsea/match-details.php?matchid=327300&matchesid=8
3	3	1	0	1	27235080	0	27235066	27235066	0	27235066	63027	http://klp2.ruangbelajar.xyz/chelsea/match-details.php?matchid=337508&matchesid=13
3	1	0	0	0	27231020	0	0	27231020	0	0	0	http://klp2.ruangbelajar.xyz/chelsea/index.php
3	4	4	0	0	27234621	0	0	27233166	0	0	231514	http://klp2.ruangbelajar.xyz/chelsea/match-details.php?matchid=327339&matchesid=2
3	2	0	0	1	27231353	0	27231314	27231314	0	27231314	0	http://klp2.ruangbelajar.xyz/chelsea/partial/allmatch.php
3	0	0	0	1	0	0	27239961	0	0	27239961	0	http://klp2.ruangbelajar.xyz/syahrul.php
3	14	11	1	1	27239658	27239639	27239644	27235357	27239639	27239644	751321	http://klp2.ruangbelajar.xyz/chelsea/partial/standing.php
4	2	0	0	0	27239993	0	0	27239993	0	0	521	WhatsApp/2.21.15.20 A
4	412	211	2	74	27241068	27235500	27241068	27229930	27230969	27229930	7535371	Mozilla/5.0 (X11; Linux x86_64) AppleWebKit/537.36 (KHTML, like Gecko) Chrome/91.0.4472.101 Safari/537.36
4	1	1	0	0	27223501	0	0	27223501	0	0	623	Mozilla/5.0 (Windows NT 10.0; Win64; x64) AppleWebKit/537.36 (KHTML, like Gecko) Chrome/63.0.3239.108 Safari/537.36
4	4	0	0	0	27219737	0	0	27219737	0	0	348	Mozilla/5.0 (compatible; Let's Encrypt validation server; +https://www.letsencrypt.org)
4	1	1	0	0	27221319	0	0	27221319	0	0	623	Mozilla/5.0 (iPhone; CPU iPhone OS 14_7_1 like Mac OS X) AppleWebKit/605.1.15 (KHTML, like Gecko) Version/14.1.2 Mobile/15E148 Safari/604.1
4	26	12	6	15	27239994	27239642	27239994	27239637	27239637	27239637	948568	Mozilla/5.0 (Windows NT 10.0; Win64; x64; rv:93.0) Gecko/20100101 Firefox/93.0
4	0	0	0	1	0	0	27221322	0	0	27221322	0	Mozilla/5.0 (Linux; Android 4.2.1; en-us; Nexus 5 Build/JOP40D) AppleWebKit/535.19 (KHTML, like Gecko; googleweblight) Chrome/38.0.1025.166 Mobile Safari/535.19
4	4	4	0	0	27241190	0	0	27235701	0	0	1975	Expanse indexes the network perimeters of our customers. If you have any questions or concerns, please reach out to: scaninfo@expanseinc.com
4	1	1	0	0	27221319	0	0	27221319	0	0	623	Mozilla/5.0 (iPhone; CPU iPhone OS 13_7 like Mac OS X) AppleWebKit/605.1.15 (KHTML, like Gecko) Version/13.1.2 Mobile/15E148 Safari/604.1
4	1	1	0	1	27229883	0	27229883	27229883	0	27229883	159	Mozilla/5.0 (X11; Ubuntu; Linux x86_64; rv:88.0) Gecko/20100101 Firefox/88.0
4	0	0	0	1	0	0	27221323	0	0	27221323	0	Mozilla/5.0 (Windows NT 6.1; WOW64; Trident/7.0; SLCC2; .NET CLR 2.0.50727; .NET CLR 3.5.30729; .NET CLR 3.0.30729; .NET4.0C; .NET4.0E; rv 11.0) like Gecko
4	1	1	0	0	27220330	0	0	27220330	0	0	623	Mozilla/5.0 (Windows NT 10.0; Win64; x64) AppleWebKit/537.36 (KHTML, like Gecko) Chrome/76.0.3809.71 Safari/537.36
4	7	3	1	6	27236730	27233164	27236730	27233164	27233164	27233164	276791	Mozilla/5.0 (Linux; Android 10; M2006C3MG) AppleWebKit/537.36 (KHTML, like Gecko) Chrome/94.0.4606.71 Mobile Safari/537.36
4	45	24	8	8	27239659	27239658	27239636	27231265	27231265	27231265	2171866	Mozilla/5.0 (Linux; Android 6.0) AppleWebKit/537.36 (KHTML, like Gecko) Chrome/94.0.4606.61 Mobile Safari/537.36
4	17	9	4	2	27236612	27236612	27236584	27235818	27235819	27235818	964071	Mozilla/5.0 (Windows NT 10.0; Win64; x64) AppleWebKit/537.36 (KHTML, like Gecko) Chrome/85.0.4183.121 Safari/537.36 Edg/85.0.564.63
4	1	1	0	1	27221319	0	27221322	27221319	0	27221322	623	Mozilla/5.0 (iPhone; CPU iPhone OS 14_7 like Mac OS X) AppleWebKit/605.1.15 (KHTML, like Gecko) CriOS/93.0.4577.39 Mobile/15E148 Safari/604.1
4	3	3	0	0	27219742	0	0	27219737	0	0	1869	Mozilla/5.0 (compatible; CensysInspect/1.1; +https://about.censys.io/)
4	0	0	0	1	0	0	27221322	0	0	27221322	0	Mozilla/5.0 (iPhone; CPU iPhone OS 11_0 like Mac OS X) AppleWebKit/604.1.38 (KHTML, like Gecko) Version/11.0 Mobile/15A372 Safari/604.1
4	14	9	0	0	27232587	0	0	27231169	0	0	347678	Mozilla/5.0 (Linux; Android 6.0; Nexus 5 Build/MRA58N) AppleWebKit/537.36 (KHTML, like Gecko) Chrome/91.0.4472.101 Mobile Safari/537.36
4	3	3	0	5	27224640	0	27233456	27221512	0	27221512	1869	Go-http-client/1.1
4	0	0	0	1	0	0	27221322	0	0	27221322	0	Mozilla/5.0 (Windows NT 10.0; Win64; x64) AppleWebKit/537.36 (KHTML, like Gecko) Chrome/93.0.4577.82 Safari/537.36
4	0	0	0	5	0	0	27237742	0	0	27235546	0	Mozilla/5.0 (X11; Ubuntu; Linux x86_64; rv:62.0) Gecko/20100101 Firefox/62.0
4	1	1	0	0	27221319	0	0	27221319	0	0	623	Mozilla/5.0 (Windows NT 10.0; Win64; x64) AppleWebKit/537.36 (KHTML, like Gecko) Chrome/93.0.4577.63 Safari/537.36
4	0	0	0	1	0	0	27221323	0	0	27221323	0	Mozilla/5.0 (iPhone; CPU iPhone OS 14_6 like Mac OS X) AppleWebKit/605.1.15 (KHTML, like Gecko) Version/14.1.1 Mobile/15E148 Safari/604.1
4	0	0	0	1	0	0	27221322	0	0	27221322	0	Mozilla/5.0 (Windows NT 10.0; Win64; x64; rv:91.0) Gecko/20100101 Firefox/91.0
4	48	0	0	0	27220240	0	0	27219641	0	0	3072	Cpanel-HTTP-Client/1.0
4	1	1	0	0	27221319	0	0	27221319	0	0	623	Mozilla/5.0 (Windows NT 10.0; Win64; x64) AppleWebKit/537.36 (KHTML, like Gecko) Chrome/88.0.4298.0 Safari/537.36
5	1	1	0	0	27235701	0	0	27235701	0	0	214	34.96.130.29
5	1	1	0	0	27223501	0	0	27223501	0	0	623	61.164.47.194
5	1	1	0	0	27222729	0	0	27222729	0	0	623	45.131.93.126
5	100	53	0	20	27232480	0	27232426	27230974	0	27230977	1577422	103.10.67.152
5	8	4	1	1	27239659	27239658	27239636	27239636	27239658	27239636	462379	223.255.228.91
5	4	2	0	1	27241068	0	27241068	27241068	0	27241068	129074	223.255.228.90
5	11	6	2	1	27235882	27235819	27235818	27235818	27235819	27235818	587871	140.213.127.65
5	0	0	0	1	0	0	27235546	0	0	27235546	0	148.72.174.105
5	4	3	2	1	27235285	27235285	27235284	27235284	27235284	27235284	207785	223.255.228.107
5	66	11	0	7	27232597	0	27232597	27232481	0	27232536	667881	223.255.228.87
5	0	0	0	1	0	0	27222729	0	0	27222729	0	179.61.172.120
5	67	60	0	16	27231214	0	27231213	27231111	0	27231111	556582	223.255.228.105
5	30	11	1	6	27231327	27231265	27231314	27231219	27231265	27231233	231613	223.255.228.86
5	5	2	2	0	27236612	27236612	0	27236610	27236610	0	375986	103.10.67.146
5	5	2	0	1	27236584	0	27236584	27232601	0	27236584	63918	223.255.228.104
5	1	1	0	2	27221319	0	27221323	27221319	0	27221322	623	84.17.46.176
5	2	0	0	0	27239994	0	0	27239993	0	0	518	223.255.228.84
5	0	0	0	1	0	0	27221322	0	0	27221322	0	51.75.141.254
5	9	2	1	3	27230973	27230969	27230973	27230969	27230969	27230969	263	223.255.228.102
5	0	0	0	2	0	0	27221323	0	0	27221322	0	45.221.68.132
5	2	2	0	0	27219737	0	0	27219737	0	0	1246	167.248.133.43
5	1	1	0	0	27241190	0	0	27241190	0	0	1333	34.96.130.16
5	18	10	1	1	27235464	27235376	27235353	27235353	27235376	27235353	763056	223.255.228.81
5	2	2	0	0	27219742	0	0	27219742	0	0	1246	167.94.138.44
5	1	1	0	0	27236253	0	0	27236253	0	0	214	34.96.130.13
5	0	0	0	1	0	0	27221512	0	0	27221512	0	194.61.112.94
5	0	0	0	1	0	0	27221322	0	0	27221322	0	162.222.198.131
5	0	0	0	4	0	0	27237742	0	0	27237742	0	120.79.8.125
5	1	1	0	0	27220330	0	0	27220330	0	0	623	65.154.226.165
5	1	1	0	0	27221319	0	0	27221319	0	0	623	84.17.46.164
5	1	1	0	0	27221512	0	0	27221512	0	0	623	31.40.221.164
5	1	1	0	1	27229883	0	27229883	27229883	0	27229883	159	203.29.26.16
5	3	0	0	4	27239994	0	27239994	27239993	0	27239991	782	125.166.119.139
5	1	0	0	0	27219737	0	0	27219737	0	0	87	64.78.149.164
5	2	0	0	1	27239994	0	27239994	27239994	0	27239994	522	180.253.167.161
5	0	0	0	2	0	0	27235725	0	0	27235718	0	112.215.220.187
5	1	1	0	1	27221319	0	27221322	27221319	0	27221322	623	150.143.163.34
5	1	0	0	0	27219737	0	0	27219737	0	0	87	3.19.56.43
5	1	0	0	0	27219737	0	0	27219737	0	0	87	52.39.4.59
5	0	0	0	1	0	0	27235807	0	0	27235807	0	112.215.220.113
5	0	0	0	1	0	0	27221512	0	0	27221512	0	191.101.82.51
5	2	0	0	0	27239993	0	0	27239993	0	0	521	182.1.90.61
5	1	1	0	0	27221319	0	0	27221319	0	0	623	2.58.29.154
5	5	2	2	2	27238813	27238812	27238848	27238812	27238812	27238812	375986	203.78.121.138
5	1	1	0	0	27224640	0	0	27224640	0	0	623	185.150.85.10
5	1	0	0	0	27219737	0	0	27219737	0	0	87	18.192.36.99
5	1	1	0	0	27221319	0	0	27221319	0	0	623	104.244.210.247
5	48	0	0	0	27220240	0	0	27219641	0	0	3072	103.164.172.49
5	14	7	0	2	27239982	0	27239961	27239960	0	27239960	449901	103.10.67.172
5	6	3	0	1	27237091	0	27237089	27237089	0	27237089	298066	103.10.67.169
5	0	0	0	1	0	0	27233456	0	0	27233456	0	185.220.100.250
5	1	0	0	1	27236730	0	27236730	27236730	0	27236730	0	112.215.219.17
5	27	8	0	4	27231412	0	27231397	27231335	0	27231339	582685	103.10.67.165
5	0	0	0	1	0	0	27224640	0	0	27224640	0	179.61.159.185
5	3	1	0	1	27235080	0	27235066	27235066	0	27235066	63027	103.10.67.162
5	1	0	0	1	27235442	0	27235442	27235442	0	27235442	0	112.215.220.82
5	5	3	1	1	27233166	27233164	27233164	27233164	27233164	27233164	276791	112.215.219.9
5	63	37	0	1	27233856	0	27233769	27233769	0	27233769	2127548	223.255.228.99
5	14	6	1	1	27234624	27234617	27234616	27234616	27234617	27234616	585827	140.213.127.111
5	2	2	0	0	27219742	0	0	27219742	0	0	1246	167.248.133.58
5	19	18	0	11	27232359	0	27232345	27232292	0	27232293	686230	103.10.67.158
5	21	12	6	10	27239644	27239642	27239644	27239637	27239637	27239637	947264	114.122.166.26
5	7	4	1	1	27235501	27235500	27235487	27235487	27235500	27235487	225209	140.213.151.203
5	1	1	0	2	27229930	0	27229930	27229930	0	27229930	159	223.255.228.97
5	1	1	0	0	27239371	0	0	27239371	0	0	214	34.96.130.31
z	0	40	2	27241068	0
z	2	63	2	27239982	3814
z	3	117	87	27239994	68208
z	4	170	47	27241190	470023
z	5	191	151	27241068	9259978
z	6	15	0	27239963	2458365
c	200	568	27241190
c	301	21	27239658
c	304	28	27241068
c	404	94	27241068
c	500	29	27232539
