CACHE type 5 produced by analog 6.0/Unix. Do not modify or delete!
T	0	0	306	165	5	113	8397293
D	27219737	27240441
18902	171	2	2	1246
18902	172	4	4	51625
18902	275	3	3	1869
18903	17	2	2	0
18903	199	5	5	3115
18903	238	1	1	623
18906	0	1	1	623
18909	172	2	1	34590
18909	176	1	1	623
18909	177	1	1	4
18909	178	4	4	158
18909	179	3	3	218
18909	182	1	1	159
18909	184	3	3	477
18909	185	2	2	318
18909	186	4	4	636
18909	187	1	1	159
18910	104	2	2	318
18910	223	1	1	214
18910	224	1	1	214
18912	115	3	2	221818
18912	116	3	2	193690
18912	117	2	1	62517
18912	123	2	2	117982
18912	124	3	3	187511
18912	125	2	2	125852
18912	126	3	3	188817
18912	127	5	3	198240
18912	128	3	0	16904
18912	129	1	0	4723
18912	130	1	0	4737
18912	131	3	1	72555
18912	132	4	2	135475
18912	133	1	1	62931
18912	134	2	0	9687
18912	135	3	1	72625
18912	137	3	0	14565
18912	138	9	2	159815
18912	139	3	1	72858
18912	142	2	1	67929
18913	73	3	1	63027
18913	75	3	3	192090
18913	76	4	2	369666
18913	77	3	3	190761
18913	78	2	2	127226
18913	79	2	2	127164
18913	80	4	1	79685
18913	81	2	2	129228
18913	83	9	7	695205
18913	84	12	6	1114396
18913	85	2	2	129636
18913	86	8	7	459356
18913	87	8	6	398331
18913	89	2	0	429
18913	92	2	0	1592
18913	93	4	0	6183
18913	95	2	0	11735
18913	96	2	0	12933
18913	97	5	0	33107
18913	98	4	2	143723
18913	99	8	0	75968
18913	100	11	0	106582
18913	101	9	0	315444
18913	102	4	0	50980
18913	103	4	0	53168
18913	104	5	2	159432
18913	105	10	8	536873
18913	106	2	2	129672
18913	109	2	2	129937
18913	110	1	1	64846
18913	111	2	1	69677
18914	75	1	1	214
18916	182	1	1	214
18916	183	1	1	239
18916	184	2	2	280
18916	185	1	1	239
18916	186	3	3	1290
18916	187	5	5	1821
18916	188	7	7	1682
18916	189	2	2	557
18916	190	8	5	310893
18916	191	8	2	4212
18916	192	5	1	2355
18916	193	2	0	462
18916	194	14	0	3500
18916	195	1	0	197
18916	229	1	1	1333
18916	280	1	1	1333
1	1	0	0	0	27235086	0	0	27235086	0	0	0	/assets/css/bootstrap.min.css?114.5.243.110
1	0	0	0	1	0	0	27233456	0	0	27233456	0	/.git/config?114.5.243.110
1	0	0	0	18	0	0	27235270	0	0	27233859	0	/assets/css/bootstrap.min.css.map
1	9	0	0	0	27240014	0	0	27239998	0	0	3455	/name_age.php
1	0	0	1	0	0	27233858	0	0	27233858	0	0	/chelsea
1	0	0	0	1	0	0	27235166	0	0	27235166	0	/chelsea/standing.php
1	62	62	0	10	27240441	0	27239987	27219737	0	27229857	75918	/
1	13	0	0	0	27233971	0	0	27233938	0	0	63067	/chelsea/match-details.php?matchid=337514&matchesid=4
1	3	0	0	0	27235153	0	0	27233972	0	0	14694	/chelsea/match-details.php?matchid=327315&matchesid=5
1	2	0	0	0	27240011	0	0	27240010	0	0	364	/name_age.php?name=12&age=13'
1	2	2	0	0	27239978	0	0	27239976	0	0	964	/?nama=ihwan&email=jandsw&submit=Submit
1	6	0	0	0	27235214	0	0	27233867	0	0	29000	/chelsea/match-details.php?matchid=327352&matchesid=1
1	0	0	1	0	0	27235151	0	0	27235151	0	0	/chelsea?competitions=UEFA+Champions+League
1	8	0	0	0	27239992	0	0	27233858	0	0	1311128	/assets/css/bootstrap.min.css
1	1	0	0	0	27240014	0	0	27240014	0	0	188	/name_age.php?name=ihwan&age=18
1	1	1	0	0	27221319	0	0	27221319	0	0	623	/?167.94.138.116
1	0	0	0	5	0	0	27221323	0	0	27221322	0	/cgi-bin/
1	0	0	0	1	0	0	27235270	0	0	27235270	0	/robots.txt
1	0	0	0	53	0	0	27240014	0	0	27221512	0	/favicon.ico
1	2	2	0	0	27229822	0	0	27224640	0	0	1246	/?162.222.198.131
1	1	0	0	0	27235158	0	0	27235158	0	0	4380	/chelsea/match-details.php?matchid=327290&matchesid=9
1	0	0	0	14	0	0	27235270	0	0	27233864	0	/assets/js/bootstrap.bundle.min.js.map
1	1	0	0	0	27233944	0	0	27233944	0	0	4790	/chelsea/match-details.php?matchid=327300&matchesid=8
1	3	0	0	0	27240013	0	0	27240011	0	0	566	/name_age.php?name=ihwan&age=13
1	0	0	0	1	0	0	27240007	0	0	27240007	0	/name_age.phpGET
1	5	5	0	0	27235250	0	0	27235151	0	0	324230	/chelsea/?competitions=UEFA+Champions+League
1	0	0	1	0	0	27235138	0	0	27235138	0	0	/chelsea?competitions=Premier+League
1	1	0	0	0	27235157	0	0	27235157	0	0	4382	/chelsea/match-details.php?matchid=327170&matchesid=25
1	0	0	0	1	0	0	27222729	0	0	27222729	0	/favicon.ico?162.222.198.131
1	0	0	0	2	0	0	27233864	0	0	27233863	0	/assets/js/bootsrap.bundle.min.js
1	2	2	0	0	27235137	0	0	27235137	0	0	129485	/chelsea/?
1	1	0	0	0	27240007	0	0	27240007	0	0	383	/name_age.php?GET
1	1	0	0	0	27233990	0	0	27233990	0	0	4902	/chelsea/match-details.php?matchid=327330&matchesid=3
1	1	1	0	0	27239964	0	0	27239964	0	0	41	/?name=ihwan+&age=20
1	1	0	0	0	27240010	0	0	27240010	0	0	176	/name_age.php?name=12&age=13
1	1	1	0	0	27239954	0	0	27239954	0	0	214	/?103.10.67.156
1	2	2	0	0	27236535	0	0	27231517	0	0	428	/?114.5.243.110
1	56	0	0	3	27235247	0	27235234	27235166	0	27235169	477850	/chelsea/partial/standing.php
1	0	0	1	0	0	27235137	0	0	27235137	0	0	/chelsea?competition=Premier+League
1	1	0	0	0	27239995	0	0	27239995	0	0	250	/HTTP_GET.php
1	0	0	1	0	0	27235137	0	0	27235137	0	0	/chelsea?
1	3	0	0	0	27235247	0	0	27233955	0	0	14549	/chelsea/match-details.php?matchid=327360&matchesid=0
1	9	0	0	0	27239992	0	0	27233864	0	0	625032	/assets/js/bootstrap.bundle.min.js
1	1	0	0	0	27235122	0	0	27235122	0	0	4845	/chelsea/match-details.php?matchid=Premier+League&matchesid=1
1	13	13	0	0	27235275	0	0	27235138	0	0	842293	/chelsea/?competitions=Premier+League
1	1	0	0	0	27240015	0	0	27240015	0	0	197	/name_age.php?name=Ihwanul+Muslim&age=21
1	4	4	0	0	27235138	0	0	27235129	0	0	258852	/chelsea/?competition=Premier+League
1	1	0	0	0	27240014	0	0	27240014	0	0	197	/name_age.php?name=Ihwanul+Muslim&age=18
1	5	5	0	0	27239984	0	0	27239978	0	0	1452	/?name=ihwan&age=jsndes
1	1	0	0	0	27229822	0	0	27229822	0	0	33967	/cpanel
1	8	0	0	0	27235275	0	0	27233919	0	0	40710	/chelsea/match-details.php?matchid=327310&matchesid=6
1	0	0	0	1	0	0	27240005	0	0	27240005	0	/syahrul.php'?param=x'
1	1	0	0	0	27240003	0	0	27240003	0	0	179	/name_age.php?name=Ihwan&age=89
1	4	0	0	0	27240004	0	0	27239992	0	0	308	/syahrul.php
1	65	65	0	0	27239992	0	0	27233858	0	0	4121447	/chelsea/
1	1	0	0	0	27240010	0	0	27240010	0	0	383	/name_age.php?1
1	2	0	0	0	27240011	0	0	27240005	0	0	158	/syahrul.php?param=x'
1	0	0	0	2	0	0	27235247	0	0	27235247	0	/partial/standing.php
3	5	3	1	1	27235138	27235137	27235138	27235137	27235137	27235138	436258	https://klp2.ruangbelajar.xyz/chelsea/?competition=Premier+League
3	1	1	0	0	27233945	0	0	27233945	0	0	62931	https://klp2.ruangbelajar.xyz/chelsea/match-details.php?matchid=327300&matchesid=8
3	52	11	1	4	27239992	27235138	27235247	27233858	27235138	27233863	1545295	https://klp2.ruangbelajar.xyz/chelsea/
3	2	2	1	0	27235138	27235137	0	27235137	27235137	0	129505	https://klp2.ruangbelajar.xyz/chelsea/?
3	0	0	0	2	0	0	27240012	0	0	27240011	0	https://klp2.ruangbelajar.xyz/syahrul.php?param=x'
3	0	0	0	1	0	0	27239995	0	0	27239995	0	https://klp2.ruangbelajar.xyz/syahrul.php
3	5	5	0	1	27239984	0	27239978	27239978	0	27239978	1452	https://klp2.ruangbelajar.xyz/?nama=ihwan&email=jandsw&submit=Submit
3	8	0	0	6	27240015	0	27240014	27240003	0	27239998	1503	https://klp2.ruangbelajar.xyz/name_age.php
3	0	0	0	3	0	0	27239984	0	0	27239983	0	https://klp2.ruangbelajar.xyz/?name=ihwan&age=jsndes
3	0	0	0	1	0	0	27240007	0	0	27240007	0	https://klp2.ruangbelajar.xyz/name_age.php?GET
3	15	13	0	1	27235115	0	27235086	27235086	0	27235086	827914	https://klp2.ruangbelajar.xyz/chelsea/match-details.php?matchid=327330&matchesid=3
3	7	7	0	0	27235270	0	0	27235151	0	0	454344	https://klp2.ruangbelajar.xyz/chelsea/?competitions=UEFA+Champions+League
3	0	0	0	1	0	0	27240003	0	0	27240003	0	https://klp2.ruangbelajar.xyz/name_age.php?name=Ihwan&age=89
3	1	1	0	0	27229890	0	0	27229890	0	0	159	https://www.google.com/
3	8	6	0	1	27235247	0	27235229	27235229	0	27235229	631400	https://klp2.ruangbelajar.xyz/chelsea/partial/standing.php
3	0	0	0	1	0	0	27240013	0	0	27240013	0	https://klp2.ruangbelajar.xyz/name_age.php?name=ihwan&age=13
3	0	0	0	1	0	0	27240010	0	0	27240010	0	https://klp2.ruangbelajar.xyz/name_age.php?1
3	2	2	0	0	27235248	0	0	27233990	0	0	127873	https://klp2.ruangbelajar.xyz/chelsea/match-details.php?matchid=327360&matchesid=0
3	4	4	0	0	27233971	0	0	27233943	0	0	251724	https://klp2.ruangbelajar.xyz/chelsea/match-details.php?matchid=337514&matchesid=4
3	22	12	1	23	27240004	27233858	27240004	27221319	27233858	27229822	244407	https://klp2.ruangbelajar.xyz/
3	19	10	1	3	27235275	27235151	27235144	27235140	27235151	27235140	1388096	https://klp2.ruangbelajar.xyz/chelsea/?competitions=Premier+League
3	16	16	0	8	27240004	0	27239987	27229841	0	27239971	8229	http://cpanel.ruangbelajar.xyz/
3	5	5	0	0	27235156	0	0	27233976	0	0	322731	https://klp2.ruangbelajar.xyz/chelsea/match-details.php?matchid=327315&matchesid=5
3	0	0	0	1	0	0	27240011	0	0	27240011	0	https://klp2.ruangbelajar.xyz/name_age.php?name=12&age=13'
3	18	18	0	0	27235214	0	0	27233867	0	0	1124238	https://klp2.ruangbelajar.xyz/chelsea/match-details.php?matchid=327352&matchesid=1
3	1	1	0	0	27233937	0	0	27233937	0	0	62931	https://klp2.ruangbelajar.xyz/chelsea/match-details.php?matchid=327310&matchesid=6
3	0	0	0	5	0	0	27221323	0	0	27221322	0	https://klp2.ruangbelajar.xyz/cgi-bin/
3	1	1	0	0	27235158	0	0	27235158	0	0	64929	https://klp2.ruangbelajar.xyz/chelsea/match-details.php?matchid=327170&matchesid=25
4	3	3	0	0	27220258	0	0	27220256	0	0	1869	Mozilla/5.0 (X11; Linux i686; rv:10.0) Gecko/20100101 Firefox/10.0
4	189	82	5	47	27235275	27235151	27235270	27230921	27233858	27230921	7148867	Mozilla/5.0 (X11; Linux x86_64) AppleWebKit/537.36 (KHTML, like Gecko) Chrome/91.0.4472.101 Safari/537.36
4	1	1	0	0	27229884	0	0	27229884	0	0	159	WhatsApp/2.21.14.24 A
4	3	3	0	1	27239978	0	27229882	27229882	0	27229882	434	Mozilla/5.0 (iPhone; CPU iPhone OS 15_0 like Mac OS X) AppleWebKit/605.1.15 (KHTML, like Gecko) Version/15.0 Mobile/15E148 Safari/604.1
4	5	5	0	2	27240187	0	27239983	27239954	0	27239954	2141	Mozilla/5.0 (iPhone; CPU iPhone OS 14_2 like Mac OS X) AppleWebKit/605.1.15 (KHTML, like Gecko) Version/14.0.1 Mobile/15E148 Safari/604.1
4	2	2	0	1	27229898	0	27229883	27229883	0	27229883	318	Mozilla/5.0 (Linux; Android 7.0; SM-G925F) AppleWebKit/537.36 (KHTML, like Gecko) Chrome/91.0.4472.101 Mobile Safari/537.36
4	54	24	0	41	27240015	0	27240014	27239957	0	27239958	326901	Mozilla/5.0 (Windows NT 10.0; Win64; x64; rv:93.0) Gecko/20100101 Firefox/93.0
4	1	1	0	0	27221319	0	0	27221319	0	0	623	Mozilla/5.0 (iPhone; CPU iPhone OS 14_7_1 like Mac OS X) AppleWebKit/605.1.15 (KHTML, like Gecko) Version/14.1.2 Mobile/15E148 Safari/604.1
4	0	0	0	1	0	0	27221322	0	0	27221322	0	Mozilla/5.0 (Linux; Android 4.2.1; en-us; Nexus 5 Build/JOP40D) AppleWebKit/535.19 (KHTML, like Gecko; googleweblight) Chrome/38.0.1025.166 Mobile Safari/535.19
4	1	1	0	1	27229890	0	27229890	27229890	0	27229890	159	Mozilla/5.0 (Windows NT 10.0; Win64; x64) AppleWebKit/537.36 (KHTML, like Gecko) Chrome/94.0.4606.71 Safari/537.36
4	2	2	0	0	27240441	0	0	27236535	0	0	1547	Expanse indexes the network perimeters of our customers. If you have any questions or concerns, please reach out to: scaninfo@expanseinc.com
4	1	1	0	0	27221319	0	0	27221319	0	0	623	Mozilla/5.0 (iPhone; CPU iPhone OS 13_7 like Mac OS X) AppleWebKit/605.1.15 (KHTML, like Gecko) Version/13.1.2 Mobile/15E148 Safari/604.1
4	2	2	0	0	27220407	0	0	27220406	0	0	0	Mozilla/5.0 (Macintosh; Intel Mac OS X 10_14_4) AppleWebKit/537.36 (KHTML, like Gecko) Chrome/75.0.3770.100 Safari/537.36
4	2	1	0	1	27229822	0	27229822	27229822	0	27229822	34590	Mozilla/5.0 (Windows NT 6.1) AppleWebKit/537.36 (KHTML, like Gecko) Chrome/94.0.4606.61 Safari/537.36
4	1	1	0	0	27231523	0	0	27231523	0	0	214	Mozilla/5.0 (Linux; Android 8.0; OPPO x20 70816.012) AppleWebKit/537.36 (KHTML, like Gecko) Chrome/91.0.4472.114 Mobile Safari/537.36
4	1	1	0	0	27231517	0	0	27231517	0	0	214	Mozilla/5.0 (Linux; Android 8.0; HUAWEI P20 Build/23112) AppleWebKit/537.36 (KHTML, like Gecko) Chrome/86.0.4472.114 Mobile Safari/537.36 Edg/86
4	1	1	0	1	27239980	0	27239980	27239980	0	27239980	116	Mozilla/5.0 (Windows NT 10.0; Win64; x64) AppleWebKit/537.36 (KHTML, like Gecko) Chrome/94.0.4606.81 Safari/537.36
4	2	2	0	1	27229890	0	27229888	27229888	0	27229888	318	Mozilla/5.0 (Linux; Android 11; SM-G975F) AppleWebKit/537.36 (KHTML, like Gecko) Chrome/86.0.4240.99 Mobile Safari/537.36
4	1	1	0	1	27221319	0	27221322	27221319	0	27221322	623	Mozilla/5.0 (iPhone; CPU iPhone OS 14_7 like Mac OS X) AppleWebKit/605.1.15 (KHTML, like Gecko) CriOS/93.0.4577.39 Mobile/15E148 Safari/604.1
4	1	1	0	0	27229890	0	0	27229890	0	0	159	Mozilla/5.0 (Linux; Android 11; SM-G973U) AppleWebKit/537.36 (KHTML, like Gecko) Chrome/93.0.4577.62 Mobile Safari/537.36
4	3	3	0	0	27219742	0	0	27219737	0	0	13521	Mozilla/5.0 (compatible; CensysInspect/1.1; +https://about.censys.io/)
4	0	0	0	1	0	0	27221322	0	0	27221322	0	Mozilla/5.0 (iPhone; CPU iPhone OS 11_0 like Mac OS X) AppleWebKit/604.1.38 (KHTML, like Gecko) Version/11.0 Mobile/15A372 Safari/604.1
4	1	1	0	1	27229889	0	27229889	27229889	0	27229889	159	Mozilla/5.0 (Linux; Android 5.1.1; A37f) AppleWebKit/537.36 (KHTML, like Gecko) Chrome/89.0.4389.105 Mobile Safari/537.36
4	11	8	0	3	27235270	0	27235100	27233863	0	27233863	820575	Mozilla/5.0 (Linux; Android 6.0; Nexus 5 Build/MRA58N) AppleWebKit/537.36 (KHTML, like Gecko) Chrome/91.0.4472.101 Mobile Safari/537.36
4	2	2	0	4	27224640	0	27233456	27221512	0	27221512	1246	Go-http-client/1.1
4	0	0	0	1	0	0	27221323	0	0	27221323	0	Mozilla/5.0 (Windows NT 10.0; Win64; x64) AppleWebKit/537.36 (KHTML, like Gecko) Chrome/93.0.4577.82 Safari/537.36
4	1	1	0	0	27221319	0	0	27221319	0	0	623	Mozilla/5.0 (Windows NT 10.0; Win64; x64) AppleWebKit/537.36 (KHTML, like Gecko) Chrome/93.0.4577.63 Safari/537.36
4	0	0	0	1	0	0	27221322	0	0	27221322	0	Mozilla/5.0 (Windows NT 10.0; Win64; x64; rv:91.0) Gecko/20100101 Firefox/91.0
4	10	10	0	4	27229872	0	27229857	27229841	0	27229841	1162	Mozilla/5.0 (X11; Linux x86_64; rv:76.0) Gecko/20100101 Firefox/76.0
4	1	1	0	0	27221319	0	0	27221319	0	0	623	Mozilla/5.0 (Windows NT 10.0; Win64; x64) AppleWebKit/537.36 (KHTML, like Gecko) Chrome/88.0.4298.0 Safari/537.36
4	1	1	0	0	27230923	0	0	27230923	0	0	159	Softaculous
5	1	1	0	0	27236535	0	0	27236535	0	0	214	34.77.162.13
5	2	1	0	0	27233990	0	0	27233990	0	0	67929	223.255.228.89
5	56	26	1	19	27233977	27233858	27233915	27233858	27233858	27233858	1923302	103.10.67.149
5	34	16	0	11	27235275	0	27235270	27235229	0	27235229	1458693	223.255.228.107
5	1	1	0	1	27221319	0	27221322	27221319	0	27221322	623	84.17.46.176
5	0	0	0	1	0	0	27221322	0	0	27221322	0	51.75.141.254
5	2	2	0	0	27219737	0	0	27219737	0	0	1246	167.248.133.43
5	1	1	0	1	27230921	0	27230921	27230921	0	27230921	159	223.255.228.102
5	0	0	0	1	0	0	27221323	0	0	27221323	0	45.221.68.132
5	0	0	0	1	0	0	27224640	0	0	27224640	0	191.101.94.60
5	1	1	0	0	27229890	0	0	27229890	0	0	159	203.176.177.5
5	1	1	0	0	27229884	0	0	27229884	0	0	159	114.125.78.54
5	0	0	0	1	0	0	27221322	0	0	27221322	0	162.222.198.131
5	1	1	0	0	27224640	0	0	27224640	0	0	623	94.176.175.38
5	1	1	0	0	27221319	0	0	27221319	0	0	623	84.17.46.164
5	54	24	0	41	27240015	0	27240014	27239957	0	27239958	326901	125.166.119.139
5	2	2	0	1	27229890	0	27229888	27229888	0	27229888	318	36.73.207.223
5	2	2	0	1	27229890	0	27229882	27229882	0	27229882	318	114.5.222.136
5	0	0	0	1	0	0	27233456	0	0	27233456	0	185.220.101.7
5	2	2	0	1	27239980	0	27239980	27239978	0	27239980	232	110.137.100.29
5	2	2	0	0	27219742	0	0	27219742	0	0	50379	167.94.138.116
5	1	1	0	1	27229890	0	27229890	27229890	0	27229890	159	110.137.101.68
5	1	1	0	0	27231523	0	0	27231523	0	0	214	61.135.15.167
5	3	3	0	0	27220258	0	0	27220256	0	0	1869	179.43.169.181
5	1	1	0	1	27221319	0	27221322	27221319	0	27221322	623	150.143.163.34
5	1	1	0	0	27221319	0	0	27221319	0	0	623	2.58.29.154
5	2	2	0	0	27220407	0	0	27220406	0	0	0	139.162.7.175
5	1	1	0	0	27240187	0	0	27240187	0	0	1333	114.5.102.89
5	4	4	0	2	27239982	0	27239983	27239954	0	27239954	808	118.99.76.176
5	1	1	0	0	27221319	0	0	27221319	0	0	623	104.244.210.247
5	1	1	0	0	27230923	0	0	27230923	0	0	159	103.164.172.49
5	0	0	0	1	0	0	27222729	0	0	27222729	0	181.214.33.239
5	2	1	0	1	27229822	0	27229822	27229822	0	27229822	34590	36.90.55.239
5	10	10	0	4	27229872	0	27229857	27229841	0	27229841	1162	103.10.67.168
5	1	1	0	1	27221512	0	27221512	27221512	0	27221512	623	179.61.159.185
5	1	1	0	0	27231517	0	0	27231517	0	0	214	61.135.15.141
5	11	7	0	10	27235106	0	27235100	27235086	0	27235086	688358	103.10.67.162
5	1	1	0	1	27229889	0	27229889	27229889	0	27229889	159	36.68.219.78
5	2	2	0	0	27219742	0	0	27219742	0	0	1246	167.248.133.58
5	1	1	0	0	27240441	0	0	27240441	0	0	1333	34.77.162.18
5	96	39	4	9	27235227	27235151	27235213	27235109	27235137	27235138	3831001	103.10.67.156
5	2	2	0	1	27229898	0	27229883	27229883	0	27229883	318	114.5.243.110
z	0	5	2	27235166	0
z	1	5	5	27229855	20
z	2	7	1	27240011	507
z	3	85	58	27240015	29738
z	4	81	8	27240441	481945
z	5	115	91	27239992	6573955
z	6	8	0	27239992	1311128
c	200	304	27240441
c	301	5	27235151
c	304	2	27235086
c	404	101	27240014
c	500	12	27239987
